Oct 03, 2020
	
3.80
	
4.14
	
3.76
	
3.81
	
325,261,388
	
369,529,745
Oct 02, 2020
	
4.27
	
4.30
	
3.63
	
3.79
	
586,153,123
	
367,246,237
Oct 01, 2020
	
4.16
	
4.50
	
4.09
	
4.27
	
608,036,347
	
413,499,288
Sep 30, 2020
	
4.45
	
4.45
	
3.98
	
4.16
	
232,211,646
	
402,957,238
Sep 29, 2020
	
4.18
	
4.44
	
4.12
	
4.44
	
407,901,950
	
430,172,224
Sep 28, 2020
	
4.78
	
4.95
	
4.17
	
4.19
	
580,929,608
	
405,404,270
Sep 27, 2020
	
4.80
	
5.20
	
4.73
	
4.78
	
660,501,848
	
462,733,153
Sep 26, 2020
	
5.02
	
5.07
	
4.74
	
4.80
	
694,457,351
	
465,046,498
Sep 25, 2020
	
5.15
	
5.54
	
4.83
	
5.02
	
948,247,960
	
485,850,656
Sep 24, 2020
	
4.36
	
5.26
	
4.31
	
5.14
	
906,941,508
	
497,839,166
Sep 23, 2020
	
3.91
	
5.32
	
3.91
	
4.36
	
1,068,862,770
	
422,054,488
Sep 22, 2020
	
4.28
	
4.55
	
3.76
	
3.91
	
816,282,684
	
378,276,197
Sep 21, 2020
	
5.24
	
5.62
	
4.16
	
4.27
	
1,329,464,490
	
413,239,182
Sep 20, 2020
	
5.72
	
6.05
	
4.72
	
5.24
	
1,554,143,599
	
507,985,735
Sep 19, 2020
	
6.95
	
7.44
	
5.32
	
5.72
	
2,447,471,305
	
554,507,579
Sep 18, 2020
	
3.49
	
8.44
	
3.26
	
6.90
	
6,061,110,198
	
668,111,645
Sep 17, 2020
	
1.10
	
4.44
	
0.418998
	
3.47
	
1,762,718,357
	
590,039,015